Computer Stats:
Intel 15-11600K 3.9GHz 6 Core - 12 Processori logici
16GB Ram 3600MT/s

Ogni tavola è stata testata con il comando "java -Xmx10G Solver board.txt" per tenere fisso il limite della ram
usata dalla jvm a 10GB.

Il file passato da riga di comando contiene come prima riga la dimensione della tavola (n. di righe / colonne), la
seconda riga contiene la rappresentazione a stringa della tavola scritta nel seguente formato: "a b c d ..." (numeri in una riga, separati da spazi)

Le tavole segnate con "(10GBRL)" sono le tavole che finiscono la memoria disponibile prima di raggiungere una soluzione.

5x5:
24 20 2 23 10 17 16 7 14 19 3 22 5 6 9 12 4 11 21 15 8 13 0 1 18 (10GBRL)
7 21 13 16 5 17 23 8 11 2 1 12 3 4 19 6 0 14 9 22 24 20 15 18 10 (10GBRL)
13 7 1 17 21 0 20 5 6 24 10 3 19 11 9 22 14 15 18 16 8 12 4 2 23 (10GBRL)
7 8 20 22 4 9 24 11 2 17 1 10 23 21 14 18 6 16 13 0 19 12 15 5 3 (10GBRL)
24 3 4 5 19 2 0 9 15 6 23 21 16 22 12 14 1 7 17 13 20 10 11 8 18 (10GBRL)
10 21 16 22 1 9 23 13 20 17 15 3 14 0 6 19 8 18 12 5 4 24 7 11 2 (10GBRL)
14 18 16 24 12 21 3 20 23 15 7 17 11 22 13 1 19 2 4 8 9 10 0 5 6 (10GBRL)
12 13 24 19 20 22 18 5 6 1 8 21 0 3 10 17 15 23 2 16 7 4 9 11 14 (10GBRL)
13 12 0 22 15 1 14 24 8 9 16 10 2 4 17 21 6 18 11 19 23 5 20 3 7 (10GBRL)
14 13 11 17 15 22 4 16 10 19 3 21 24 0 18 23 9 8 7 20 5 1 12 2 6 (10GBRL)

4x4:
15 12 3 11 0 13 4 7 8 2 9 6 14 5 10 1  (10GBRL)
14 7 13 8 2 0 11 10 3 4 5 10 9 15 1 6  (10GBRL)
15 13 1 5 8 14 7 12 6 0 2 9 3 10 11 4  (10GBRL)
0 8 7 4 14 10 5 9 12 6 13 15 11 2 1 3  (10GBRL)
2 6 3 15 0 14 13 11 12 9 7 10 4 8 5 1  -  59  -  12.2971463 seconds
9 10 15 5 3 11 14 7 12 6 1 13 2 8 0 4  -  59  -  9.03011630 seconds
9 10 15 5 3 11 14 7 12 6 1 13 2 8 0 4  -  59  -  8.50018371 seconds
4 5 0 9 2 14 12 13 7 15 1 11 6 3 10 8  -  58  -  54.4830221 seconds
8 9 12 5 15 0 14 1 2 13 4 7 3 6 11 10  -  58  -  4.51610592 seconds
9 13 7 11 5 3 12 6 4 0 15 8 14 1 10 2  -  57  -  56.4795416 seconds
12 6 2 9 7 4 13 1 10 15 11 5 3 14 0 8  -  57  -  25.7752698 seconds
12 3 11 6 1 4 9 15 8 10 13 5 7 14 0 2  -  57  -  4.65340983 seconds
11 4 6 12 9 1 7 3 14 15 13 5 2 8 0 10  -  55  -  20.9942483 seconds
1 5 9 2 3 0 13 14 6 15 7 10 12 4 8 11  -  54  -  20.1143077 seconds
13 1 3 5 2 7 0 14 4 11 9 12 6 8 15 10  -  53  -  31.1266299 seconds
9 6 11 15 0 12 3 8 2 7 14 5 13 1 10 4  -  53  -  10.3247654 seconds
3 5 4 6 8 11 13 15 2 9 7 0 10 12 14 1  -  53  -  5.74047909 seconds
6 0 11 9 15 10 7 12 1 8 4 3 5 13 2 14  -  53  -  5.39147211 seconds
5 10 13 4 7 1 14 9 8 2 11 6 15 3 12 0  -  52  -  3.95548984 seconds
3 7 1 10 13 14 6 15 2 9 5 4 12 0 11 8  -  52  -  2.23669880 seconds
3 8 15 2 7 14 13 1 10 9 6 4 12 0 11 5  -  52  -  2.02998719 seconds
11 9 6 7 8 15 2 10 1 3 5 12 4 14 13 0  -  52  -  1.41087794 seconds
14 11 10 1 12 4 5 2 9 6 8 7 13 15 0 3  -  51  -  8.26593630 seconds
12 0 11 8 2 14 4 13 6 1 3 15 7 10 5 9  -  51  -  0.66576171 seconds
13 14 4 1 2 0 15 5 11 8 3 12 6 9 10 7  -  50  -  2.82591880 seconds
4 6 7 5 9 15 11 12 10 8 14 1 13 0 2 3  -  50  -  1.41351996 seconds
1 8 13 4 3 5 14 15 0 6 10 2 11 12 9 7  -  50  -  0.75166624 seconds
1 12 7 15 14 9 4 11 0 13 6 2 8 10 3 5  -  50  -  0.65764240 seconds
0 11 15 14 6 3 12 4 5 1 8 10 7 13 9 2  -  50  -  0.23824927 seconds
1 9 10 11 0 2 4 12 15 6 13 3 5 14 7 8  -  49  -  3.99989735 seconds
6 14 7 11 1 2 0 13 4 3 9 12 10 5 15 8  -  49  -  1.95429178 seconds
14 13 1 7 3 4 11 12 15 6 5 0 10 2 9 8  -  49  -  1.31612399 seconds
5 1 3 10 15 12 7 9 2 4 6 8 13 0 11 14  -  48  -  2.46973427 seconds
2 14 8 3 6 12 4 11 9 10 15 13 1 7 0 5  -  47  -  4.27824784 seconds
2 1 9 10 14 6 7 3 5 8 4 0 11 12 15 13  -  47  -  1.80786223 seconds
5 4 1 10 11 0 14 8 13 3 2 7 6 12 9 15  -  46  -  0.61846157 seconds
7 5 0 8 2 14 12 15 9 10 1 3 13 11 4 6  -  44  -  0.58732268 seconds
9 0 2 7 4 1 8 3 13 15 12 10 14 6 11 5  -  39  -  0.07019374 seconds



3x3:
8 6 7 2 5 4 3 0 1  -  31  -  0.01523419 seconds
6 4 7 8 5 0 3 2 1  -  31  -  0.01575089 seconds
4 5 0 6 8 7 3 1 2  -  28  -  0.0141556 seconds
8 4 7 1 5 2 6 3 0  -  26  -  0.0125336 seconds
4 6 3 5 8 1 2 7 0  -  24  -  0.0130989 seconds
8 4 7 6 1 2 0 5 3  -  24  -  0.0119467 seconds
3 7 1 4 0 8 2 6 5  -  24  -  0.00366201 seconds
3 2 8 7 4 5 0 1 6  -  22  -  0.00141527 seconds
5 8 0 2 6 4 1 3 7  -  22  -  0.00089615 seconds
2 4 0 8 7 1 5 6 3  -  20  -  0.0117648 seconds
7 5 2 1 3 8 6 4 0  -  20  -  0.00142595 seconds
6 4 1 5 2 8 3 7 0  -  20  -  0.00064288 seconds
4 5 3 6 8 0 2 1 7  -  19  -  0.00064863 seconds
1 6 7 5 3 2 0 4 8  -  18  -  0.0095011 seconds
5 2 3 8 6 7 1 4 0  -  18  -  0.00095675 seconds
1 5 3 8 7 4 0 2 6  -  18  -  0.00000011 seconds
1 0 6 2 3 5 4 8 7  -  15  -  0.0094025 seconds
1 5 6 7 4 3 0 2 8  -  14  -  0.00046617 seconds
5 1 2 4 8 3 0 6 7  -  14  -  0.00035093 seconds